mu1 sig1 mu2 sig2 rho n
4.961016 0.015379 6.309573 1.038371 0.023577 9719
4.949552 0.037723 2.741907 0.208409 -0.149504 128
4.958006 0.127204 5.063209 0.844144 -0.220031 4
4.981029 0.091066 4.880709 0.469253 0.959802 11
4.950395 0.266079 5.400604 0.240634 0.976034 2
4.999094 0.063546 5.075337 1.112739 0.21871 1
4.951279 0.015744 5.359742 1.070975 0.009533 9734
4.918584 0.042128 1.837376 0.248093 -0.049555 117
4.944115 0.115407 4.740672 0.832364 -0.935852 7
4.977927 0.062381 5.129104 0.259066 -0.63729 7
4.970941 0.015284 5.998149 1.252227 0.032472 9726
4.941103 0.056046 2.447809 0.289371 -0.254442 110
5.01079 0.126303 5.855799 2.49869 -0.158715 29
4.938486 0.015733 6.957065 1.032753 0.100094 9732
4.943313 0.047981 3.390818 0.259861 0.042888 103
5.032865 0.063841 6.323207 1.019647 0.328124 30
4.982628 0.01554 7.132618 0.97416 0.069296 9667
4.956804 0.037601 3.633583 0.254899 -0.162649 136
5.041338 0.059804 6.080232 1.22198 0.181477 62
4.983784 0.01566 6.255043 1.076995 0.061248 9729
4.96254 0.039382 2.68832 0.304815 -0.48433 123
5.001214 0.106823 5.812188 0.922007 0.923545 9
5.002055 0.051735 4.95068 0.227957 -0.61622 2
4.950882 0.082605 2.976426 0.67395 -0.550367 2
4.965184 0.01563 6.968021 1.21471 0.084181 9759
4.926146 0.055659 3.197842 0.137275 0.168828 96
5.036501 0.102719 4.802659 1.232556 0.379445 6
5.008553 0.09383 4.699591 0.199732 0.944811 4
4.952716 0.015626 6.739729 1.126051 0.129098 9696
4.940606 0.040084 3.167365 0.30984 -0.309671 114
4.93463 0.093155 5.851702 1.005186 -0.00935 55
4.98245 0.015579 6.26544 1.051211 0.126604 9745
4.967102 0.040749 2.65723 0.230916 0.062546 103
4.995191 0.085564 4.40169 1.080947 0.670639 8
4.95949 0.141866 4.758523 1.932507 -0.418528 9
4.982674 0.015527 6.308715 1.218579 0.065042 9746
4.986493 0.045306 2.776814 0.376854 -0.184856 117
4.972926 0.072933 5.404374 0.859869 0.258712 1
4.99838 0.037405 3.994472 0.335314 0.958249 1
4.921225 0.015664 6.703316 1.128313 0.094549 9732
4.868963 0.039937 3.066 0.211665 -0.216226 112
4.992684 0.078179 5.047658 2.008997 -0.379923 17
4.973548 0.043931 3.995011 0.243563 -0.504721 1
4.990059 0.066564 4.928541 0.094882 -0.500272 2
4.971557 0.048589 6.126315 0.281599 0.365637 1
4.983874 0.01566 7.104646 1.304851 0.091461 9750
4.989308 0.057194 3.2575 0.248123 -0.239805 95
5.04952 0.152736 5.339253 1.247145 -0.286453 20
4.944959 0.015585 6.642244 1.164141 0.101883 9715
4.936149 0.047314 2.879868 0.185104 -0.272609 93
5.108932 0.060162 5.5887 0.546948 0.08598 18
4.921372 0.138296 5.070466 0.353699 -0.74139 15
4.960032 0.044312 3.596789 0.918649 -0.278247 17
4.998526 0.36061 4.707397 1.412862 -0.853623 7
4.956548 0.015567 6.71953 1.217439 0.109121 9734
4.963127 0.062921 2.989447 0.194807 0.321161 87
4.989814 0.112075 4.412249 1.454651 -0.248512 22
4.978995 0.138699 5.318014 1.650445 0.747726 18
4.981562 0.112494 4.88153 0.098687 0.842158 3
4.968321 0.03917 3.835121 0.872267 -0.692168 1
4.985676 0.015799 5.141924 1.182923 0.038252 9750
4.933373 0.046834 1.587867 0.26946 -0.320551 105
4.964512 0.053277 4.375957 0.124779 0.098954 10
4.963393 0.015536 5.552807 1.254327 0.022387 9726
4.953589 0.047423 1.731919 0.16986 -0.296831 102
5.053742 0.095997 4.75551 1.181308 0.284509 33
4.94718 0.083936 4.303793 0.740667 0.095445 1
5.02016 0.061343 5.285699 0.118841 0.212834 1
4.993495 0.087574 4.789944 0.144899 -0.409598 1
4.976271 0.049453 4.679615 0.879047 -0.047191 1
4.969429 0.015863 6.437374 1.103811 0.050697 9708
4.960696 0.038068 2.893563 0.243213 -0.1686 121
4.979276 0.099004 5.126945 0.614751 0.514054 34
4.927274 0.074838 4.687951 0.832736 0.082539 1
4.977634 0.033389 6.126789 0.701665 0.894876 1
4.978608 0.0155 6.668846 1.149881 0.085262 9706
4.980008 0.035722 3.057966 0.364829 0.074003 110
5.033907 0.084728 5.482111 1.928985 0.459333 21
4.904127 0.100387 5.106488 0.664048 -0.32097 7
5.022516 0.095677 4.168316 0.870825 0.595428 21
4.958741 0.015349 6.098053 1.086542 0.009794 9690
4.934444 0.032604 2.508364 0.313656 -0.331473 107
4.875224 0.060061 4.858665 3.309626 -0.446016 48
5.043202 0.074616 5.134644 2.610783 0.655077 12
4.969957 0.101976 6.72209 0.948488 -0.279746 3
4.997371 0.163992 4.234728 0.467657 0.650412 1
4.986167 0.161639 5.441868 0.996059 0.301152 4
4.9278130000000004 0.015493 5.932874 1.159116 0.002904 9750
4.905224 0.040948 2.123523 0.282314 -0.207695 84
4.998808 0.136854 3.990436 1.576173 0.454775 31
5.005853 0.015618 6.826996 1.072825 0.099212 9734
5.01716 0.039285 3.214165 0.19116 -0.141784 124
5.068773 0.164889 5.859068 0.729154 0.155963 7
4.973496 0.015542 5.851336 1.148392 0.059173 9716
4.954702 0.051441 2.020492 0.163296 0.05593 106
4.986856 0.110392 4.771105 0.347923 0.228677 43
4.94214 0.01529 6.626399 1.085437 0.063471 9663
4.932451 0.037501 3.236982 0.488713 -0.066021 148
4.909125 0.077627 5.081605 0.819258 0.015169 24
5.070526 0.158519 6.044768 0.743359 -0.253053 9
5.015013 0.077088 4.053756 0.581882 0.877273 3
4.988368 0.076493 4.7910450000000004 1.451951 -0.369926 6
4.965981 0.057977 5.328094 0.845692 0.797768 8
4.98159 0.141534 6.091598 0.467407 0.059315 4
4.971197 0.015884 5.904157 1.183937 0.023778 9752
4.935569 0.05376 2.131601 0.245022 -0.26096 101
5.044215 0.073538 5.668667 2.113091 -0.937204 12
4.968867 0.015788 6.341559 1.212642 0.056711 9742
5.012205 0.047104 2.595267 0.184832 0.236423 97
4.924373 0.095185 5.570829 0.407011 0.892584 23
4.960459 0.082529 4.332659 0.417114 0.792252 3
4.984954 0.015717 5.881416 1.093508 0.024735 9751
4.938515 0.043223 2.20714 0.204317 -0.162331 110
4.913905 0.094828 4.5371880000000004 0.363616 -0.27454 4
4.95091 0.015738 6.6189 1.105082 0.099586 9728
4.918572 0.038405 3.080114 0.240527 0.209938 118
5.049362 0.093773 4.907026 0.594873 0.602182 18
4.989171 0.389292 3.499296 0.618824 0.810938 1
4.972678 0.015048 6.011851 1.167606 0.059234 9741
4.977413 0.052454 2.236934 0.157994 -0.308845 96
4.924575 0.099609 5.641522 1.054995 -0.841246 28
4.956832 0.015863 6.585984 0.997803 0.100203 9730
4.931123 0.038757 3.120077 0.256123 0.090137 122
5.024724 0.124044 7.2061210000000004 0.550993 0.634149 13
4.993265 0.014934 6.191011 1.214879 0.054725 9659
4.987687 0.047944 2.548112 0.304274 -0.187178 92
5.015978 0.061029 5.528202 1.224034 -0.156952 114
4.944747 0.015591 6.117646 1.10105 0.018344 9742
4.912438 0.039736 2.480272 0.253832 -0.409426 108
4.988172 0.076683 4.232927 1.164976 0.099575 15
4.994825 0.015518 5.398326 1.043517 0.012497 9697
4.986466 0.039783 1.955167 0.300569 -0.308925 128
4.945029 0.083556 5.39902 0.9744 -0.857152 31
4.947396 0.116637 5.546265 0.579352 0.592787 8
4.989415 0.07133 4.522701 0.474154 0.361205 1
4.971602 0.015331 6.374248 1.153262 0.070209 9714
4.997736 0.044915 2.694489 0.242123 -0.015924 111
4.971263 0.09817 5.851848 1.083346 0.350745 7
4.955739 0.107679 6.473349 0.379741 0.25662 7
5.072025 0.033425 5.019206 1.487249 0.810008 3
5.039751 0.045511 5.304395 0.967908 0.199059 1
4.948784 0.054894 4.166768 0.301293 0.523874 14
4.917963 0.102331 5.219065 1.542747 0.976891 7
4.981521 0.034319 6.477171 0.764395 -0.683988 1
4.960321 0.015366 8.310665 0.938433 0.126677 9714
4.939912 0.037357 4.955175 0.38193 0.229625 151
4.958272 0.015709 5.91089 1.15318 0.056147 9689
4.929687 0.043801 2.197257 0.292312 -0.320822 89
5.007556 0.081896 4.586954 2.00369 0.409545 74
4.960843 0.064169 5.377126 1.517794 -0.045944 13
4.960413 0.015309 6.911319 1.242481 0.14394 9695
4.901234 0.069153 3.053944 0.169717 -0.443707 84
4.936172 0.080683 4.145289 0.733832 -0.085387 10
4.958852 0.066509 6.399378 1.149305 -0.556488 63
4.960138 0.104462 5.693286 0.421475 0.093252 11
4.973717 0.053405 3.639655 0.137307 -0.554352 1
4.975482 0.055737 5.607763 0.203533 0.716536 1
4.955333 0.015903 7.703908 1.206028 0.077248 9753
4.908874 0.052661 4.115838 0.2203 -0.21766 112
5.00983 0.016078 7.029915 1.08249 0.061679 9758
4.990126 0.046083 3.384309 0.179444 0.273436 106
4.975514 0.100367 5.225233 0.530959 0.45236 1
4.962843 0.015674 6.545563 1.106658 0.055995 9746
4.941056 0.036242 2.919018 0.212139 0.042639 118
4.995221 0.034222 4.719427 0.230559 -0.161707 1
4.951279 0.015218 7.060896 0.978194 0.06241 9696
4.907568 0.057583 3.58569 0.3072 -0.354105 127
4.928088 0.090354 6.092134 0.992035 0.111251 42
4.972906 0.015649 7.62573 1.169614 0.110957 9680
4.962508 0.048577 3.943097 0.178675 -0.165393 93
5.010198 0.082837 6.172267 1.674227 0.361944 53
4.98292 0.053064 6.166096 0.781082 -0.407244 39
4.963628 0.015508 7.533767 1.118795 0.107448 9747
4.973944 0.052517 3.878876 0.22678 0.345873 101
5.044433 0.095461 4.41749 2.367192 0.401953 17
4.978991 0.015649 5.340452 0.948173 0.026231 9699
4.95578 0.027262 1.90998 0.356962 -0.399446 151
4.98921 0.115026 4.22581 2.709493 -0.424076 12
4.963811 0.188551 5.631673 1.499946 -0.314567 3
4.96219 0.015891 5.554906 1.100956 0.036813 9750
4.922283 0.046786 1.898169 0.22907 -0.376391 113
4.925346 0.029801 5.679458 0.628771 -0.060606 2
4.960989 0.015161000000000001 6.573626 1.064138 0.097367 9721
4.955079 0.033547 3.020306 0.198 0.240701 118
4.97768 0.079006 5.604467 0.84834 0.288176 26
4.980907 0.015758 7.112819 1.028298 0.094718 9697
4.974322 0.033445 3.561822 0.279942 0.441979 126
4.991785 0.050649 5.884386 0.625516 -0.355252 40
4.997221 0.21162 4.149128 0.717782 0.724168 1
4.999695 0.058558 3.168193 0.563417 -0.901965 1
4.974891 0.015684 6.984054 1.057622 0.072941 9703
4.971175 0.036131 3.411512 0.234956 0.015645 108
5.02701 0.114648 5.947623 0.630477 -0.455378 25
4.941954 0.100617 6.331529 0.461294 0.599612 6
4.922009 0.083243 3.682567 0.392496 -0.515688 14
4.936767 0.216169 6.227365 0.884218 0.459838 1
4.982391 0.056475 3.449643 0.793756 0.255378 6
4.938255 0.249217 6.438448 0.615967 -0.07103 1
4.971126 0.067015 4.93483 0.985243 0.762428 1
4.985456 0.015154 7.260307 1.244502 0.088872 9713
4.96472 0.03849 3.358229 0.1818 -0.00906 100
5.054957 0.101135 5.408407 1.470319 0.094815 51
4.945262 0.158815 4.508467 0.851669 0.229328 1
4.945922 0.015995 6.631879 1.110876 0.090973 9732
4.953349 0.04171 2.924832 0.249281 0.132649 106
5.003633 0.118686 5.411572 1.424345 0.038466 19
5.037463 0.135379 5.654806 0.63307 -0.942369 8
4.923441 0.015648 5.851694 1.136901 0.029986 9731
4.878094 0.032859 2.129942 0.256094 -0.356664 115
5.001705 0.21397 5.279105 0.998228 -0.652345 6
4.94037 0.025214 6.19162 1.613306 0.879486 6
4.948832 0.327755 3.798265 0.759987 -0.702877 1
4.968344 0.054863 3.85578 0.07168 0.220062 6
4.98764 0.01575 6.485677 1.109113 0.048773 9704
4.972599 0.042153 2.903454 0.167208 0.160983 114
5.026206 0.062192 5.315274 0.709301 -0.356324 29
4.898061 0.166728 3.905417 0.405484 0.925235 10
4.975053 0.06004 6.758731 1.31469 -0.938346 8
