mu1 sig1 mu2 sig2 rho n
4.985759 0.015368 5.511205 0.966011 0.076518 13538
4.985335 0.024389 2.370449 0.177256 -0.051549 327
4.830351 0.103979 5.265445 0.255939 0.87895 16
4.98399 0.083541 5.128341 0.633218 0.484893 43
4.924593 0.055028 3.700169 2.264223 0.670181 9
4.982218 0.088105 5.362206 0.43329 0.762144 2
4.992251 0.095535 5.37613 0.436596 -0.743344 1
4.969346 0.015556 6.434893 0.981283 0.116406 13554
4.970187 0.027817 3.258463 0.197848 0.237993 334
4.947122 0.114112 5.623568 0.532353 0.423731 44
4.946072 0.066984 3.540686 0.946353 0.93781 4
4.951293 0.015393 5.44469 0.981623 0.079133 13526
4.947268 0.023761 2.317973 0.210022 0.051222 360
4.769454 0.126163 5.742355 1.146372 0.649963 33
4.994262 0.067888 4.614931 0.886273 -0.613549 5
4.983051 0.054188 4.26334 0.752964 -0.440866 9
4.951836 0.033032 4.449962 0.217299 0.026965 2
4.963779 0.046916 4.79471 0.577937 -0.828571 1
4.995945 0.015372 6.021819 0.995757 0.103833 13550
4.991189 0.025955 2.813669 0.184074 0.123487 338
4.980142 0.08297 5.696279 0.75201 0.739447 32
4.9519590000000004 0.164582 4.542668 0.213406 -0.934392 11
4.992577 0.051616 4.726058 0.663753 0.053273 4
4.96089 0.070414 4.890166 0.431201 -0.798204 1
4.989233 0.015223 5.98845 0.945842 0.101259 13541
4.962628 0.025255 2.884563 0.220196 0.08233 345
4.948064 0.092429 5.695112 0.940265 0.456984 50
4.9667 0.028876 1.893816 0.180176 0.138933 328
4.966344 0.0152 5.037409 0.985926 0.087208 13554
4.863157 0.136525 4.561077 0.697183 -0.043473 43
4.96431 0.121783 5.185682 0.805504 0.029663 4
4.991167 0.064888 5.155767 1.387623 0.156575 6
4.958464 0.023727 4.063989 0.25523 -0.492761 1
4.982025 0.015474 5.898553 1.033663 0.076257 13566
4.970137 0.021709 2.677461 0.227073 -0.00143 329
4.799232 0.082838 5.019473 0.328422 0.42316 41
4.96925 0.015401 5.586591 0.934914 0.109083 13502
4.967569 0.026919 2.450081 0.244901 0.16223 386
4.892013 0.128857 5.382663 0.921059 0.998373 27
4.910466 0.18379 4.109927 0.464699 -0.794634 7
4.995746 0.050041 5.344645 0.563691 0.196823 9
4.976666 0.063007 4.804419 0.305301 0.68312 4
4.941032 0.113264 2.039933 0.463743 -0.940214 1
4.985349 0.015618 5.739172 1.024872 0.108669 13537
4.976551 0.026167 2.565512 0.251759 -0.015321 345
4.940062 0.109942 4.692688 0.411571 0.169913 41
4.982946 0.039408 3.400577 0.843711 -0.030556 6
4.942918 0.035933 4.13453 0.174285 -0.343743 7
4.95171 0.01555 6.278169 0.973447 0.096456 13573
4.921242 0.028988 3.132818 0.18299 -0.079121 339
4.774586 0.103115 4.085604 1.029445 -0.212233 23
4.983411 0.077665 4.338016 1.40975 -0.825876 1
4.942554 0.015413 4.851664 0.931619 0.095627 13512
4.947134 0.026201 1.731385 0.226238 -0.258017 359
4.844428 0.149296 4.037049 0.277249 0.081703 20
4.930541 0.075544 3.674225 0.323789 -0.186613 45
4.990747 0.015511 4.902606 1.032362 0.083671 13530
4.99212 0.0291 1.692013 0.23003 -0.035315 334
4.899102 0.081827 4.135566 0.957656 0.224531 72
4.967488 0.015593 4.944042 0.954596 0.066495 13575
4.953961 0.025273 1.782393 0.167501 -0.142215 316
4.850847 0.059921 4.696142 1.114915 -0.182305 26
4.995039 0.065517 4.378763 0.649061 0.812287 8
4.987119 0.116413 3.673856 1.024979 -0.325961 10
4.988527 0.059421 5.408625 0.837553 0.177257 1
4.968603 0.015119 4.9460750000000004 0.903907 0.074595 13482
4.954509 0.025663 1.924376 0.224822 -0.201783 402
4.788904 0.13999 2.519024 3.440681 -0.986881 6
4.976091 0.09335 6.246253 0.9652 0.786771 15
4.955744 0.048116 5.124638 1.265236 -0.155611 31
4.932191 0.015469 7.062547 1.08728 0.117875 13541
4.912974 0.027007 3.818517 0.189923 0.114461 339
4.821548 0.110007 6.016672 0.663318 0.702281 52
4.965556 0.211504 5.497001 0.583716 0.378603 4
5.003932 0.015525 5.393494 1.011718 0.093905 13494
5.004715 0.025777 2.169517 0.182236 0.051481 279
4.98358 0.04626 3.585198 1.933156 -0.064646 85
4.905983 0.069581 4.190046 2.60625 0.340138 74
4.943935 0.038721 1.805849 0.689849 -0.635912 3
4.949603 0.063432 3.916484 0.095253 -0.027688 1
4.957129 0.015542 5.676598 0.928176 0.110989 13505
4.952328 0.022823 2.557453 0.227469 0.015812 363
4.777158 0.090774 4.359901 0.658016 -0.646258 55
4.969023 0.049888 3.952604 0.276507 0.900362 13
4.964775 0.014961 5.318893 1.051429 0.078753 13571
4.94566 0.025993 2.111226 0.185939 0.093342 314
4.853219 0.084038 4.787245 1.074259 0.363144 51
4.973668 0.028535 1.72334 0.294062 -0.132517 391
4.983312 0.015452 4.758338 0.927185 0.076315 13528
4.748854 0.156291 4.106477 0.525367 -0.062445 17
4.958421 0.015316 6.866585 1.010932 0.111353 13576
4.938771 0.026122 3.643142 0.193248 9.93e-4 328
4.84527 0.138218 5.312242 2.926071 0.465313 17
4.959329 0.172566 5.238832 0.613502 -0.04522 1
5.010184 0.043059 4.806901 1.32688 0.081896 14
4.967319 0.015227 4.664909 0.989849 0.054685 13498
4.968524 0.024108 1.518107 0.21357 -0.028771 345
4.860193 0.090596 3.622491 0.411059 -0.241572 30
4.981103 0.068786 4.146605 0.373425 0.66881 60
5.01049 0.091986 5.686857 0.572425 0.123451 2
4.967452 0.110095 3.643631 0.726603 -0.18489 1
4.988587 0.015268 5.550895 0.957466 0.125112 13575
4.991157 0.022377 2.408682 0.211662 0.070528 322
4.844479 0.130043 4.145876 0.46786 -0.359642 23
5.033372 0.061418 3.539571 0.865284 -0.389812 7
4.961999 0.08136 5.588802 0.913239 0.287291 9
4.949918 0.015249 5.413962 1.064921 0.080516 13518
4.94376 0.027098 2.143131 0.204481 0.059475 293
4.763699 0.115545 4.124747 1.453621 -0.171126 31
4.88555 0.072247 4.324337 0.76008 0.237255 89
4.946 0.093925 4.562154 0.200133 0.619369 3
4.993107 0.0293 5.1471730000000004 0.602427 0.579543 2
4.957846 0.015206 5.727018 1.056639 0.11045 13567
4.950881 0.024626 2.561485 0.216031 0.096604 331
4.875572 0.146856 4.24111 0.893144 -0.231488 33
4.983452 0.10518 3.3518 0.245149 0.917229 4
4.96664 0.078118 3.367189 0.787524 -0.836628 1
4.957533 0.015398 5.585043 0.993271 0.106901 13559
4.954523 0.026668 2.466161 0.286751 -0.077046 353
4.883642 0.098833 4.725211 1.063718 0.176851 18
4.968236 0.159121 5.443063 0.369592 0.158832 6
4.943823 0.015406 4.853534 1.003628 0.097103 13570
4.94601 0.028763 1.736382 0.253806 -0.129223 345
4.800622 0.173062 4.535062 0.369579 0.734205 17
4.931506 0.075181 6.657308 0.729963 -0.196269 3
4.953785 0.064992 4.255735 0.909301 0.519594 1
4.954141 0.015346 4.917784 0.988886 0.096257 13528
4.944312 0.024341 1.785554 0.239508 0.129688 333
4.821363 0.079772 4.002589 0.330095 -0.418461 75
5.003932 0.015257 5.532635 0.917427 0.091363 13550
4.990043 0.024973 2.434943 0.222462 0.070747 355
4.952104 0.141145 4.83294 1.617101 0.586499 31
4.968165 0.015255 5.235607 0.982651 0.087684 13468
4.951179 0.026737 2.139871 0.222413 -6.28e-4 367
4.831666 0.052042 3.831957 0.174432 -0.460306 101
4.948127 0.015352 6.241537 1.083147 0.126384 13531
4.955913 0.024621 3.07976 0.217601 0.111661 342
4.845299 0.094024 5.696213 0.440792 0.661521 63
4.984898 0.014922 6.040259 1.021534 0.089575 13470
4.990733 0.027858 2.809898 0.208832 0.190727 328
4.841717 0.068129 4.463022 0.781637 -0.177937 135
4.997862 0.076724 3.405934 0.826155 0.59544 2
4.945445 0.239854 6.661938 0.565364 0.228167 1
4.968217 0.015659 6.363452 0.941522 0.117289 13513
4.949884 0.024159 3.289071 0.286026 -0.052112 386
4.882694 0.131707 4.812153 0.358871 -0.898624 31
5.031967 0.155437 4.490356 0.886767 -0.007212 6
4.963165 0.015308 5.436237 0.940408 0.102614 13537
4.951742 0.023093 2.348232 0.214479 0.087757 351
4.983464 0.206253 4.82258 0.26223 0.681081 3
4.969531 0.099339 4.428258 1.355527 -0.431606 45
4.955966 0.01539 4.949334 1.035981 0.083961 13571
4.941491 0.021427 1.802144 0.223297 0.065913 338
4.841447 0.156697 4.823277 0.555288 0.892787 27
4.95869 0.015551 5.494441 0.94477 0.1297 13533
4.954582 0.025186 2.371578 0.186989 0.171467 353
4.792782 0.070602 3.859547 0.369311 -0.456924 24
4.98162 0.050579 3.826929 1.045419 0.196816 24
4.969614 0.052653 3.963277 0.673415 0.621509 2
4.995116 0.015413 4.918807 1.012858 0.065193 13467
4.979658 0.02617 1.820963 0.283386 0.032527 363
4.8199 0.084402 3.726878 0.562828 -0.315992 106
5.004091 0.025155 2.711751 0.270252 0.260714 388
4.990252 0.015321 5.728783 0.907646 0.104876 13471
4.948187 0.095379 5.425551 1.369254 0.516218 28
4.927791 0.074285 4.918271 1.139501 0.148425 27
4.962491 0.06726 4.012099 1.337868 0.243978 14
5.037129 0.091008 4.618817 0.672536 -0.1821 5
4.962878 0.037037 5.219112 0.026066 0.592592 3
4.989638 0.015446 5.068552 0.938517 0.086367 13533
4.977541 0.024776 1.925684 0.208167 -0.039595 368
4.88886 0.181652 4.75321 1.713265 0.470057 21
4.99754 0.05276 3.721592 0.558906 0.864192 6
4.977665 0.091868 4.328145 0.636643 -0.744199 6
4.971306 0.089769 5.159549 0.470343 -0.452192 2
4.951316 0.015371 5.442258 0.994291 0.109002 13526
4.946225 0.02664 2.340426 0.262781 -0.091657 381
4.921189 0.162524 4.861069 0.446565 0.533142 26
5.012575 0.043861 5.924866 1.045376 0.351485 3
4.970537 0.01526 5.699634 0.949855 0.053404 13424
4.967466 0.025556 2.627252 0.280364 -0.010362 399
4.884452 0.074979 3.976934 0.189246 -0.440865 113
4.991425 0.015488 6.11802 0.92502 0.1136 13541
4.98167 0.026526 3.035089 0.238798 0.11198 351
4.822165 0.115219 4.41157 1.082129 -0.851898 43
4.975414 0.081271 4.19032 0.860281 0.621075 1
4.972471 0.015398 5.498323 0.93829 0.117367 13459
4.983436 0.024795 2.482104 0.304588 0.151234 403
4.934781 0.068888 4.805435 1.250926 0.329144 52
4.930917 0.095368 5.329036 1.598308 0.692123 4
4.963358 0.148915 4.541048 2.110602 0.661914 3
4.97956 0.103754 4.669535 0.522241 -0.789039 12
4.97302 0.172145 3.534448 1.218804 -0.648757 1
4.912707 0.048464 5.597324 0.648317 -0.715357 2
4.977019 0.021173 1.007848 0.219036 0.207948 317
4.986711 0.015134 4.250643 1.011429 0.107522 13546
4.835474 0.071301 3.403326 0.694185 0.288255 58
4.978283 0.048739 5.496547 0.872402 0.515004 5
4.938631 0.069365 3.743303 1.136886 0.338806 8
4.956035 0.190914 3.082915 0.093488 -0.817282 2
4.978051 0.015288 5.677799 1.009981 0.114672 13566
4.962761 0.027459 2.497506 0.212288 -0.024295 325
4.897793 0.148224 4.067207 0.570334 -0.587893 29
5.02043 0.121168 5.346619 0.581126 0.871446 16
4.969425 0.01549 4.875679 1.018936 0.076116 13531
4.972236 0.025416 1.666549 0.213804 0.133092 326
4.908286 0.092996 3.625104 0.86078 -0.418495 76
4.972513 0.070897 4.561713 1.020728 -0.29392 2
4.972593 0.046199 3.809838 0.540774 -0.102777 1
4.958594 0.015467 5.019956 1.040425 0.091864 13578
4.94672 0.027756 1.871176 0.214259 -0.067986 341
4.88905 0.162553 4.368953 0.846712 0.462349 16
4.967572 0.04095 3.898323 0.56362 0.593238 1
4.9720510000000004 0.026478 2.690595 0.237341 -0.032387 322
4.965034 0.015791 5.879563 1.011716 0.087529 13594
4.906101 0.128976 3.932965 0.780422 -0.743886 20
4.961486 0.014942 6.130427 1.038357 0.10324 13485
4.953225 0.02473 2.883725 0.1995 0.111464 324
4.863703 0.06768 5.164628 0.493867 -0.001233 126
4.954864 0.177213 5.700615 0.164631 0.204233 1
4.947869 0.027842 2.514141 0.235941 0.226072 349
4.953264 0.015771 5.680574 1.011941 0.123122 13582
4.895573 0.201545 4.808458 0.438219 0.688091 5
4.974023 0.015113 5.866108 1.048155 0.096391 13565
4.96723 0.027362 2.638401 0.175968 0.118573 315
4.878738 0.088844 4.427849 0.778818 -0.055828 56
4.984163 0.015398 5.833525 1.011736 0.116172 13534
4.980105 0.0256 2.641825 0.216356 0.08975 331
4.920146 0.079471 4.476566 0.264171 -0.145455 50
4.984362 0.129868 4.968603 1.025236 0.103262 20
4.936451 0.026068 4.503715 0.491163 -0.495641 1
