b1	v	ncl
-9.862000	1.000000	1
-9.862000	0.765022	1
-9.862000	0.811990	1
-9.891908	0.811990	1
-9.891908	0.596788	1
-9.891908	0.631874	1
-9.891908	0.631874	2
-9.891908	0.631874	2
-9.891908	0.639838	2
-9.891908	0.631628	2
-9.891908	0.624855	2
-9.891908	0.366127	2
-9.891908	0.121264	2
-9.891754	0.286535	2
-9.893154	0.308823	2
-9.893154	0.114538	2
-9.893154	0.114538	3
-9.878883	0.290820	2
-9.878883	0.290820	2
-9.878883	0.412858	2
-9.878883	0.412858	2
-9.878883	0.437178	2
-9.877687	0.437178	2
-9.877687	0.437178	2
-9.877687	0.436118	2
-9.877687	0.250684	2
-9.877687	0.250684	2
-9.855574	0.190478	2
-9.855574	0.234519	2
-9.855574	0.177786	3
-9.855574	0.220736	3
-9.855574	0.159053	3
-9.855574	0.059411	3
-9.843475	0.118911	3
-9.843475	0.135227	3
-9.843475	0.235764	3
-9.843475	0.235764	3
-9.843475	0.235764	3
-9.843475	0.398661	3
-9.839278	0.290019	3
-9.839278	0.114492	3
-9.839278	0.096290	3
-9.839278	0.343043	4
-9.886170	0.343043	4
-9.886170	0.482090	4
-9.886170	0.482090	4
-9.922028	0.349983	4
-9.922028	0.470005	4
-9.922028	0.207491	4
-9.922028	0.464914	4
-9.922028	0.217494	4
-9.922028	0.294326	4
-9.865208	0.294326	4
-9.860897	0.294326	4
-9.860897	0.216913	4
-9.872872	0.502024	4
-9.872872	0.760398	4
-9.872872	0.852237	4
-9.872872	0.659186	4
-9.872872	0.531713	4
-9.872872	0.665719	4
-9.872872	0.379393	4
-9.872872	0.523798	4
-9.872872	0.788463	4
-9.866369	0.694254	4
-9.866369	0.694254	4
-9.866369	0.765328	4
-9.866369	0.765328	4
-9.866369	0.470258	4
-9.866369	0.470258	4
-9.866369	0.472078	4
-9.889849	0.472078	4
-9.889849	0.472078	4
-9.889849	0.176849	4
-9.860053	0.285088	4
-9.860053	0.285088	4
-9.860053	0.184075	4
-9.860053	0.101712	4
-9.834379	0.125285	4
-9.844492	0.124563	4
-9.844492	0.298534	4
-9.844492	0.308309	4
-9.866872	0.388848	4
-9.866872	0.125733	4
-9.866872	0.274986	4
-9.866872	0.095696	4
-9.854466	0.099992	4
-9.862212	0.093489	4
-9.862212	0.380148	4
-9.862212	0.363099	4
-9.862212	0.241896	4
-9.885862	0.241896	4
-9.885862	0.112993	4
-9.885862	0.396230	4
-9.885862	0.491912	4
-9.885862	0.564450	4
-9.885862	0.564450	4
-9.885862	0.268915	4
-9.885862	0.241616	4
-9.885862	0.241616	4
-9.885862	0.450870	4
-9.885862	0.214648	4
-9.881309	0.503154	4
-9.881309	0.388474	4
-9.881309	0.379173	4
-9.881309	0.190706	4
-9.881309	0.190706	4
-9.881309	0.369469	4
-9.881309	0.659868	4
-9.881309	0.521325	4
-9.881309	0.521325	4
-9.881309	0.669331	4
-9.903406	0.669331	4
-9.892927	0.585260	4
-9.883421	0.585260	4
-9.883421	0.329122	4
-9.883421	0.349734	4
-9.883421	0.635421	4
-9.883421	0.818158	4
-9.856778	0.818158	4
-9.857853	0.661566	5
-9.857853	0.390684	4
-9.857853	0.390684	4
-9.857853	0.158049	4
-9.841988	0.231883	4
-9.841988	0.237830	4
-9.841988	0.324936	4
-9.841988	0.386364	4
-9.841988	0.450714	4
-9.841988	0.422482	4
-9.805821	0.601646	4
-9.805821	0.389108	4
-9.805821	0.295973	4
-9.805821	0.241644	4
-9.805821	0.241644	4
-9.805821	0.241644	4
-9.805821	0.241644	4
-9.805821	0.334150	4
-9.805821	0.284026	4
-9.813976	0.284026	4
-9.813976	0.125549	5
-9.813976	0.208911	5
-9.813976	0.069818	4
-9.813976	0.263614	4
-9.813976	0.338233	4
-9.813976	0.298319	4
-9.831746	0.512985	4
-9.831746	0.428181	3
-9.831746	0.170453	3
-9.831746	0.131994	3
-9.831746	0.131994	3
-9.831746	0.131994	3
-9.831746	0.131994	3
-9.831746	0.131994	3
-9.837707	0.224881	3
-9.837707	0.189336	3
-9.837707	0.368869	3
-9.837707	0.257501	3
-9.837707	0.257501	3
-9.857795	0.257501	3
-9.857795	0.429956	4
-9.857795	0.414931	3
-9.830552	0.414931	3
-9.830552	0.369523	3
-9.820727	0.296361	3
-9.820727	0.296361	3
-9.820727	0.200871	3
-9.820727	0.101832	3
-9.820727	0.126220	3
-9.820727	0.126220	3
-9.820727	0.268585	3
-9.794885	0.268585	3
-9.794885	0.070478	3
-9.794885	0.298951	3
-9.794885	0.119864	3
-9.794885	0.158767	3
-9.822627	0.309382	3
-9.822627	0.309382	3
-9.822627	0.206843	3
-9.802723	0.384619	3
-9.802723	0.177772	3
-9.802723	0.177772	3
-9.802723	0.122929	3
-9.802723	0.351615	3
-9.802723	0.351615	3
-9.754872	0.351615	3
-9.758768	0.606171	3
-9.758768	0.606691	3
-9.800468	0.783924	3
-9.800468	0.618558	3
-9.800468	0.615417	3
-9.800468	0.405120	3
-9.748488	0.125733	3
-9.748488	0.366056	3
-9.748488	0.366056	3
-9.748488	0.221459	3
-9.748488	0.332368	3
-9.748488	0.237360	3
-9.748488	0.237360	3
-9.739581	0.263298	3
-9.739581	0.488635	3
-9.739581	0.488635	3
-9.739581	0.225696	3
-9.739581	0.245873	3
-9.739581	0.245873	3
-9.739581	0.251223	3
-9.738445	0.251223	3
-9.739592	0.164964	3
-9.739592	0.354362	3
-9.739592	0.354362	3
-9.739592	0.354362	3
-9.739592	0.209645	3
-9.739592	0.241768	3
-9.739592	0.241768	3
-9.739592	0.261320	3
-9.801271	0.130207	3
-9.797289	0.130207	3
-9.797289	0.130207	3
-9.797289	0.190009	3
-9.797289	0.210225	3
-9.797289	0.210225	3
-9.802819	0.112472	3
-9.802819	0.125668	3
-9.802819	0.325836	3
-9.794669	0.289387	3
-9.795896	0.291300	3
-9.795896	0.344229	3
-9.795896	0.308002	3
-9.747223	0.409178	3
-9.747223	0.472266	3
-9.747223	0.521412	3
-9.747223	0.521412	3
-9.747223	0.703145	3
-9.747223	0.703145	3
-9.732796	0.812157	3
-9.732796	0.812157	3
-9.732796	0.700068	3
-9.732796	0.451004	3
-9.732796	0.322263	3
-9.732796	0.379780	3
-9.744348	0.103616	3
-9.744348	0.294680	3
-9.762262	0.224259	3
-9.762262	0.105786	3
-9.762262	0.194111	3
-9.762262	0.231796	3
-9.762262	0.231796	3
-9.762262	0.127361	3
-9.762262	0.126609	3
-9.762262	0.214967	3
-9.762262	0.214967	3
-9.734600	0.225996	3
-9.734600	0.225996	3
-9.743311	0.225996	3
-9.743311	0.395679	3
-9.743311	0.446035	3
-9.743311	0.446035	3
-9.743311	0.430032	3
-9.743311	0.430032	4
-9.779447	0.430032	3
-9.779447	0.298129	3
-9.779447	0.267780	3
-9.779447	0.467390	3
-9.779447	0.467390	3
-9.779447	0.252225	3
-9.779447	0.504739	3
-9.756891	0.671128	3
-9.733347	0.671128	3
-9.731060	0.752689	3
-9.731060	0.574978	3
-9.731060	0.305516	3
-9.731060	0.305516	3
-9.731060	0.230396	3
-9.731060	0.230396	3
-9.731060	0.230396	3
-9.696618	0.290143	3
-9.687267	0.555079	3
-9.687267	0.555079	3
-9.687267	0.589547	3
-9.687267	0.624342	3
-9.687267	0.614658	3
-9.687267	0.614658	3
-9.687267	0.614658	3
-9.667479	0.700963	3
-9.667479	0.754786	3
-9.667479	0.669846	3
-9.667479	0.396340	3
-9.667479	0.292367	3
-9.667479	0.292367	3
-9.667479	0.069099	3
-9.667479	0.167070	3
-9.693628	0.160330	3
-9.693628	0.299733	3
-9.693628	0.249404	3
-9.693628	0.242293	3
-9.693628	0.261232	3
-9.693628	0.202786	3
-9.693628	0.316937	3
-9.680745	0.316937	3
-9.680745	0.316937	3
-9.680745	0.316937	3
-9.661373	0.316937	3
-9.661373	0.098889	3
-9.629364	0.269574	3
-9.629364	0.508651	3
-9.629364	0.719724	3
-9.651391	0.719724	3
-9.651391	0.448359	3
-9.651391	0.386842	3
-9.651391	0.207660	3
-9.651391	0.181899	3
-9.651391	0.181899	3
-9.651391	0.185283	3
-9.647103	0.246117	3
-9.647103	0.246117	3
-9.647103	0.246117	3
-9.647103	0.343923	3
-9.647103	0.343923	3
-9.647103	0.343923	3
-9.647103	0.100493	3
-9.647103	0.124838	3
-9.647103	0.124838	3
-9.647103	0.280039	3
-9.647103	0.074547	3
-9.647103	0.372058	3
-9.647103	0.298189	3
-9.647103	0.202665	3
-9.647103	0.131595	3
-9.647103	0.131595	3
-9.609078	0.145242	3
-9.613789	0.145242	3
-9.613789	0.364372	3
-9.568414	0.109222	3
-9.568414	0.109222	3
-9.600448	0.164606	3
-9.600448	0.131767	3
-9.600448	0.123640	3
-9.600448	0.123640	3
-9.600448	0.177103	3
-9.600448	0.163492	3
-9.600448	0.362508	3
-9.600448	0.154165	3
-9.611007	0.340169	3
-9.611007	0.162267	3
-9.611007	0.121660	3
-9.611007	0.216982	3
-9.611007	0.216982	3
-9.607626	0.216982	3
-9.607626	0.221870	3
-9.607626	0.289776	3
-9.607626	0.422689	3
-9.607626	0.328189	3
-9.607626	0.257272	3
-9.607626	0.114326	3
-9.607626	0.111756	3
-9.607626	0.272187	3
-9.607626	0.041183	3
-9.630852	0.039635	3
-9.630852	0.075965	3
-9.630852	0.320475	3
-9.630852	0.320475	3
-9.630852	0.493538	3
-9.629760	0.307346	3
-9.629760	0.307346	3
-9.629760	0.406096	3
-9.629760	0.406096	3
-9.629760	0.406096	3
-9.644558	0.411457	3
-9.644558	0.357998	3
-9.644558	0.357998	3
-9.644558	0.245465	3
-9.644558	0.329236	3
-9.644558	0.329236	3
-9.644558	0.329236	3
-9.644558	0.423332	3
-9.644558	0.322910	3
-9.640932	0.416126	3
-9.640932	0.315965	3
-9.640932	0.088667	3
-9.640516	0.294334	3
-9.640516	0.253021	3
-9.640516	0.251057	3
-9.640516	0.251057	3
-9.640516	0.249208	3
-9.640516	0.249208	3
-9.687909	0.249208	3
-9.687909	0.148091	3
-9.687909	0.243874	3
-9.687909	0.243874	3
-9.687909	0.243874	3
-9.687909	0.187760	3
-9.687909	0.288610	3
-9.687909	0.288610	3
-9.613673	0.230043	3
-9.613673	0.323862	3
-9.613673	0.164938	3
-9.613673	0.184740	3
-9.613673	0.196550	3
-9.613673	0.220181	3
-9.613673	0.341643	3
-9.587702	0.341643	3
-9.587702	0.341643	3
-9.587702	0.281079	3
-9.587702	0.284354	3
-9.587702	0.194762	3
-9.569458	0.194762	3
-9.569458	0.194762	3
-9.569458	0.194762	3
-9.569458	0.122901	3
-9.569458	0.357879	3
-9.569458	0.357879	3
-9.569458	0.357879	3
-9.569458	0.357879	3
-9.569458	0.389473	3
-9.601881	0.111550	3
-9.620751	0.111550	3
-9.620751	0.094808	3
-9.620751	0.247122	3
-9.620751	0.373214	3
-9.620751	0.546666	3
-9.620751	0.479321	3
-9.620751	0.359691	3
-9.628574	0.199756	3
-9.638068	0.309943	3
-9.638068	0.309943	3
-9.579091	0.309943	3
-9.579091	0.465599	3
-9.579091	0.465599	3
-9.579091	0.465599	3
-9.579091	0.478811	3
-9.567959	0.211497	3
-9.567959	0.211497	3
-9.567959	0.211497	3
-9.567959	0.101028	3
-9.567959	0.034412	3
-9.567959	0.272751	3
-9.561295	0.234459	3
-9.561295	0.234459	3
-9.561295	0.046202	3
-9.561295	0.209390	3
-9.561295	0.059117	3
-9.561295	0.163537	3
-9.561167	0.163537	3
-9.561167	0.163537	3
-9.561167	0.163537	3
-9.561167	0.312890	3
-9.561167	0.312890	3
-9.561167	0.135809	3
-9.561167	0.135809	3
-9.561167	0.035539	3
-9.561167	0.231314	3
-9.561167	0.231314	3
-9.563324	0.298146	3
-9.563324	0.206220	3
-9.563324	0.206220	3
-9.563324	0.206220	3
-9.563324	0.048239	3
-9.563324	0.177311	3
-9.563324	0.131792	3
-9.563324	0.180667	3
-9.562315	0.385460	3
-9.562315	0.277502	3
-9.582135	0.277502	3
-9.582135	0.236080	3
-9.582135	0.236080	3
-9.582135	0.467037	3
-9.582135	0.467037	3
-9.582135	0.485450	4
-9.582135	0.308581	3
-9.582135	0.217419	3
-9.582135	0.320132	3
-9.582135	0.374204	3
-9.652262	0.336870	3
-9.652262	0.336870	3
-9.652262	0.121545	3
-9.652262	0.121545	3
-9.664089	0.135293	3
-9.664089	0.135293	3
-9.664089	0.135293	3
-9.661831	0.170811	3
-9.661831	0.062157	3
-9.661831	0.271718	3
-9.661831	0.271718	3
-9.713021	0.554406	3
-9.705581	0.554406	3
-9.747476	0.465132	3
-9.747476	0.399911	3
-9.739556	0.113406	3
-9.739556	0.113406	3
-9.739556	0.113406	3
-9.739556	0.123090	4
-9.739556	0.088244	3
-9.739556	0.063103	3
-9.773586	0.324673	3
-9.773586	0.380854	3
-9.773586	0.098956	3
-9.773586	0.098956	3
-9.773586	0.329071	3
-9.773586	0.329071	3
-9.773586	0.174155	3
-9.773586	0.361432	3
-9.773586	0.265323	3
-9.773586	0.107247	3
-9.773586	0.167563	3
-9.773586	0.167563	3
-9.773586	0.167563	3
-9.773586	0.156168	3
-9.773586	0.156168	3
-9.784670	0.156168	3
-9.758905	0.259420	3
-9.786243	0.338613	3
-9.809936	0.477293	3
-9.809936	0.477293	3
-9.809936	0.514676	3
-9.809936	0.229446	3
-9.809936	0.229446	3
-9.809936	0.363180	3
-9.809936	0.357343	3
-9.809936	0.147521	3
-9.809936	0.038642	3
-9.809936	0.165366	3
-9.808436	0.244725	3
-9.808436	0.357803	4
-9.808436	0.380793	3
-9.808436	0.365085	3
-9.811983	0.139159	3
-9.811983	0.139159	3
-9.811983	0.239251	3
-9.811983	0.216824	3
-9.811983	0.420572	3
-9.811983	0.346224	3
-9.811983	0.286647	3
-9.811983	0.368551	3
-9.811983	0.611975	3
-9.799989	0.611975	3
-9.799989	0.611975	3
-9.799989	0.611975	3
-9.799989	0.611975	3
-9.799989	0.688834	3
-9.799989	0.688834	3
-9.799989	0.438189	3
-9.790905	0.314753	3
-9.790905	0.278007	3
-9.790905	0.244246	3
-9.790905	0.095097	3
-9.761130	0.118019	3
-9.761130	0.244465	3
-9.743483	0.258243	3
-9.755025	0.258243	3
-9.755025	0.042954	3
-9.755025	0.042954	3
-9.755025	0.153615	3
-9.765445	0.153615	3
-9.765445	0.437704	3
-9.765445	0.437704	3
-9.765445	0.603903	3
-9.765445	0.434553	3
-9.765445	0.279173	3
-9.765445	0.257808	3
-9.772185	0.099956	3
-9.772185	0.088246	3
-9.772185	0.157580	3
-9.760539	0.088008	3
-9.760539	0.337937	3
-9.760539	0.226373	3
-9.783790	0.329963	3
-9.783790	0.259770	3
-9.783790	0.188284	3
-9.830005	0.131684	3
-9.830005	0.396619	3
-9.766354	0.396619	3
-9.766354	0.379400	3
-9.766354	0.391938	3
-9.766354	0.204427	3
-9.766354	0.455299	3
-9.766354	0.297219	3
-9.791383	0.297219	3
-9.791383	0.370418	3
-9.843409	0.370418	3
-9.843409	0.311404	3
-9.864077	0.385258	3
-9.931033	0.208196	3
-9.931033	0.137171	3
-9.931033	0.407742	3
-9.931033	0.407742	3
-9.931033	0.236741	3
-9.940771	0.236741	3
-9.940771	0.307422	3
-9.940771	0.024648	3
-9.940771	0.271101	3
-9.940771	0.131099	3
-9.940771	0.202747	3
-9.940771	0.202747	3
-9.940771	0.277254	3
-9.940771	0.358588	3
-9.940771	0.243471	3
-9.940771	0.243471	3
-9.940771	0.122334	3
-9.940771	0.203874	3
-9.940771	0.229302	3
-9.954634	0.438962	3
-9.954634	0.458913	3
-9.958435	0.343866	3
-9.958435	0.444274	3
-9.958435	0.311165	3
-9.958435	0.087566	3
-9.958435	0.348934	3
-9.954826	0.271248	3
-9.983462	0.126061	4
-9.983462	0.403203	4
-9.946255	0.510371	3
-10.011877	0.481939	3
-10.011877	0.481939	3
-10.042697	0.529706	3
-10.042697	0.611849	3
-10.042697	0.611849	3
-10.042697	0.862124	3
-10.008139	0.659790	3
-10.008139	0.591390	3
-10.010495	0.591390	3
-10.011513	0.579917	3
-10.011513	0.579917	3
-10.011513	0.392471	3
-10.011513	0.109003	4
-10.013029	0.109003	3
-10.013029	0.194447	3
-10.039837	0.365638	3
-10.039837	0.365638	3
-10.109999	0.290479	3
-10.109999	0.147872	3
-10.109999	0.283718	3
-10.114851	0.283718	3
-10.114851	0.283718	3
-10.114851	0.204277	4
-10.114851	0.239370	3
-10.094937	0.239370	3
-10.094937	0.065983	3
-10.063083	0.071935	3
-10.063083	0.071935	3
-10.063083	0.071935	3
-10.017371	0.071935	3
-10.017371	0.121841	3
-10.016323	0.069141	3
-10.016323	0.139963	3
-10.016323	0.139963	3
-9.988141	0.139963	3
-9.988141	0.139963	3
-9.988141	0.285532	3
-9.988141	0.285532	3
-9.988141	0.330809	3
-9.988141	0.302677	3
-9.992412	0.302677	3
-9.989894	0.566148	3
-9.989894	0.373573	3
-9.989894	0.398341	3
-9.989894	0.525884	3
-9.989894	0.489577	3
-9.990181	0.362597	3
-9.972923	0.490971	3
-9.972923	0.413809	3
-9.972923	0.421783	3
-9.972923	0.421783	3
-9.972923	0.309350	3
-9.972923	0.527764	3
-9.977683	0.527764	3
-9.984282	0.252779	3
-9.984282	0.305209	3
-9.984282	0.080162	3
-9.984282	0.352934	3
-9.984282	0.281082	3
-9.984282	0.281082	3
-9.977679	0.224670	3
-9.977679	0.118796	3
-9.977679	0.250146	3
-9.977679	0.100075	3
-9.977679	0.179760	3
-9.977679	0.179760	3
-9.977679	0.138585	3
-9.994818	0.186383	3
-9.994818	0.186383	3
-9.994818	0.186383	3
-9.994818	0.110614	3
-9.994818	0.409880	3
-9.994818	0.409880	3
-9.994818	0.295262	3
-9.994818	0.295262	3
-9.944751	0.405320	3
-10.009953	0.506384	3
-10.009953	0.235796	3
-10.009953	0.235796	3
-10.009953	0.232940	3
-10.009953	0.153575	3
-10.032005	0.089212	3
-10.032005	0.089212	3
-10.032005	0.089212	3
-10.041209	0.090194	3
-10.041209	0.090194	3
-10.041209	0.297202	3
-10.041209	0.297202	3
-10.041209	0.266400	3
-10.041209	0.221481	4
-10.041209	0.269625	4
-10.041209	0.352430	3
-10.041209	0.264193	4
-10.041209	0.264193	3
-10.041209	0.390139	3
-10.041209	0.176296	3
-10.064691	0.176296	3
-10.077294	0.176296	3
-10.077294	0.176296	3
-10.077294	0.176296	3
-10.124495	0.090949	3
-10.124495	0.090949	3
-10.124495	0.096415	3
-10.116257	0.096415	3
-10.107008	0.366229	3
-10.107008	0.281817	3
-10.107008	0.200341	3
-10.107008	0.344489	3
-10.107008	0.338654	3
-10.107008	0.240861	3
-10.107008	0.240861	3
-10.107008	0.139680	3
-10.107008	0.237102	3
-10.085208	0.237102	3
-10.085208	0.128711	3
-10.085208	0.355575	3
-10.085208	0.064959	3
-10.085208	0.227519	3
-10.085208	0.162022	3
-10.085208	0.106961	3
-10.088712	0.106961	3
-10.069077	0.195992	3
-10.069077	0.335915	3
-10.069077	0.335915	3
-10.069077	0.582723	3
-10.069077	0.545093	3
-10.086419	0.567574	3
-10.108058	0.284849	3
-10.108058	0.284849	3
-10.108058	0.337176	3
-10.108058	0.080347	3
-10.108058	0.273470	3
-10.108058	0.273470	3
-10.089706	0.273470	3
-10.089706	0.560399	3
-10.089706	0.375221	3
-10.089706	0.597971	3
-10.089706	0.502079	3
-10.110301	0.543948	3
-10.110301	0.354957	3
-10.098424	0.192380	3
-10.111862	0.192380	3
-10.111862	0.300198	3
-10.111862	0.300198	3
-10.111862	0.422240	3
-10.111862	0.315428	3
-10.108990	0.051291	3
-10.108990	0.241107	3
-10.108990	0.241107	3
-10.108990	0.188990	3
-10.108990	0.188990	3
-10.108990	0.188990	3
-10.108990	0.382386	3
-10.111503	0.382386	3
-10.111503	0.412036	3
-10.111503	0.148551	3
-10.111503	0.022475	3
-10.086541	0.249117	3
-10.124943	0.249117	3
-10.124943	0.249117	3
-10.124943	0.263607	3
-10.124943	0.125123	3
-10.124943	0.125123	3
-10.124943	0.125123	3
-10.124943	0.125123	3
-10.124943	0.112588	3
-10.115692	0.391754	3
-10.115692	0.403310	3
-10.115692	0.467532	3
-10.098080	0.724802	3
-10.098080	0.724802	3
-10.098080	0.706292	3
-10.098080	0.706292	3
-10.098080	0.634967	3
-10.081274	0.631038	3
-10.098842	0.504290	3
-10.098842	0.533261	3
-10.098842	0.376136	3
-10.098842	0.212071	3
-10.098842	0.058370	3
-10.098842	0.173980	3
-10.098842	0.173980	3
-10.098842	0.173980	3
-10.105747	0.173980	3
-10.113973	0.252185	3
-10.113973	0.252185	3
-10.113973	0.334704	3
-10.113973	0.330987	3
-10.113973	0.363307	3
-10.113973	0.078444	3
-10.113973	0.120737	3
-10.113973	0.120737	3
-10.113973	0.215362	3
-10.068830	0.193859	3
-10.068830	0.387573	3
-10.068830	0.387573	3
-10.068830	0.524722	3
-10.068830	0.617242	3
-10.068830	0.787520	3
-10.091493	0.787520	3
-10.091493	0.842037	3
-10.091493	0.842037	3
-10.135653	0.842037	3
-10.124830	0.842037	3
-10.124830	0.595299	4
-10.124830	0.595299	4
-10.116033	0.338981	4
-10.089349	0.390308	4
-10.089349	0.329643	4
-10.089349	0.404517	4
-10.089349	0.404517	4
-10.089349	0.249017	3
-10.089349	0.292385	3
-10.089349	0.096897	3
-10.089349	0.165192	3
-10.089349	0.165192	3
-10.089349	0.445100	3
-10.089349	0.649254	3
-10.089349	0.649254	3
-10.089902	0.510742	3
-10.089902	0.552514	3
-10.089902	0.299771	3
-10.089902	0.146421	3
-10.089902	0.151522	3
-10.089902	0.064432	3
-10.101608	0.122869	3
-10.101608	0.214754	3
-10.114452	0.468866	3
-10.114452	0.468866	3
-10.111370	0.468866	3
-10.111370	0.201730	3
-10.094134	0.201730	3
-10.094134	0.201730	3
-10.094134	0.462445	3
-10.094134	0.177957	3
-10.089366	0.177957	3
-10.089366	0.306422	3
-10.089366	0.306422	3
-10.089366	0.306422	3
-9.996407	0.153865	3
-9.996407	0.080627	3
-9.996407	0.194045	3
-9.996407	0.194045	3
-9.996407	0.194045	3
-9.985116	0.346512	3
-9.985116	0.380403	3
-9.985116	0.137248	3
-9.985116	0.188915	3
-9.985116	0.275081	3
-9.985116	0.175973	3
-9.991775	0.033789	3
-9.991775	0.033789	3
-9.991775	0.037284	3
-9.991775	0.178055	3
-9.991775	0.042363	3
-9.987549	0.307692	3
-9.987549	0.358799	3
-9.987549	0.358799	3
-9.983840	0.358799	3
-9.983840	0.358799	3
-9.983840	0.358799	3
-9.964890	0.552998	3
-9.964890	0.552998	3
-9.964890	0.276056	3
-9.964890	0.460269	3
-10.009804	0.585605	3
-10.012875	0.457291	3
-10.012875	0.372733	3
-10.012875	0.224980	3
-9.964612	0.241318	3
-9.939997	0.241318	4
-9.939997	0.377071	4
-9.939997	0.412175	4
-9.929270	0.418767	4
-9.929270	0.291223	3
-9.929270	0.291223	3
-9.929270	0.201055	3
-9.929270	0.416239	3
-9.929270	0.409951	3
-9.929270	0.678792	3
-9.929270	0.425882	3
-9.929270	0.369955	3
-9.929270	0.225388	3
-9.929270	0.061987	3
-9.929270	0.050275	3
-9.929270	0.013463	3
-9.945634	0.235224	3
-9.945634	0.235224	3
-9.945634	0.105462	3
-9.945634	0.269098	3
-9.945634	0.102687	3
-9.945634	0.120558	3
-9.945634	0.120558	3
-9.945634	0.214683	3
-9.946737	0.214683	3
-9.946737	0.214683	3
-9.946737	0.180869	3
-9.946737	0.180869	3
-9.946737	0.180869	3
-9.946737	0.360515	3
-9.946737	0.227321	3
-9.945272	0.490671	4
-9.952009	0.394861	5
-9.952009	0.394861	5
-9.938414	0.477775	4
-9.927559	0.477775	4
-9.927559	0.523581	4
-9.927559	0.613974	4
-9.927559	0.537284	4
-9.927559	0.413115	3
-9.927559	0.296814	3
-9.927559	0.286804	3
-9.927559	0.077735	3
-9.938873	0.369070	3
-9.938873	0.287118	3
-9.938873	0.290968	3
-9.938873	0.557757	3
-9.938873	0.759941	3
-9.938873	0.759941	3
-9.938873	0.718721	3
-9.938873	0.614906	3
-9.947039	0.414116	3
-9.947039	0.121543	3
-9.947039	0.083352	3
-9.947039	0.174260	3
-9.947039	0.253623	3
-9.947039	0.104932	3
-9.947039	0.237415	3
-9.947039	0.291832	3
-9.947039	0.093002	3
-9.915442	0.150886	3
-9.915442	0.150886	3
-9.915442	0.219266	3
-9.915442	0.273194	3
-9.915442	0.273194	3
-9.912288	0.404553	3
-9.912288	0.136322	3
-9.912288	0.238614	3
-9.901456	0.473640	3
-9.901456	0.371986	3
-9.901456	0.526024	3
-9.901456	0.496650	3
-9.901456	0.496650	3
-9.904948	0.642544	3
-9.904948	0.642544	3
-9.904948	0.350413	3
-9.922860	0.268719	3
-9.922860	0.233761	3
-9.922860	0.083901	3
-9.922860	0.120243	3
-9.924766	0.120243	3
-9.924766	0.201031	3
-9.924766	0.201031	3
-9.917734	0.201031	3
-9.917734	0.409586	4
-9.934007	0.271748	4
-9.947350	0.271748	3
-9.947360	0.219024	3
-9.947360	0.219024	3
-9.947360	0.259277	3
-9.947360	0.271477	3
-9.947360	0.498585	3
-9.910148	0.384183	3
-9.910148	0.471665	3
-9.910148	0.250217	3
-9.910148	0.240406	3
-9.910148	0.240406	3
-9.910148	0.240406	3
-9.938332	0.365489	3
-9.938332	0.535906	3
-9.938332	0.327241	3
-9.938332	0.204459	3
-9.938332	0.204459	3
-9.938332	0.026417	3
-9.938332	0.147391	3
-9.938332	0.147391	3
-9.926746	0.218096	3
-9.910986	0.170860	3
-9.910986	0.170860	3
-9.910986	0.411692	3
-9.910986	0.482730	3
-9.903433	0.184526	3
-9.903433	0.067778	3
-9.906229	0.236624	3
-9.906229	0.276672	3
-9.906229	0.079594	3
-9.906229	0.073424	3
-9.930939	0.073424	3
-9.930939	0.025807	3
-9.930939	0.072830	3
-9.930939	0.295055	3
-9.930939	0.124590	3
-9.930939	0.291239	3
-9.931286	0.291239	3
-9.915601	0.091984	3
-9.915601	0.381767	3
-9.915601	0.381767	3
-9.915601	0.259134	3
-9.915601	0.265449	3
-9.982522	0.284240	3
-9.982522	0.155591	3
-9.982522	0.155591	3
-9.982522	0.155591	3
-9.982522	0.217413	3
-9.982522	0.163848	3
-9.982522	0.210822	3
-9.982522	0.120048	3
-9.982522	0.229057	3
-9.982522	0.128715	3
-9.982522	0.128715	3
-9.982522	0.083884	3
-9.982522	0.281357	3
-9.982522	0.096355	3
-10.049426	0.378868	3
-10.049426	0.192978	3
-10.069282	0.192978	3
-10.069282	0.192978	3
-10.069282	0.192978	3
-10.069282	0.192978	3
-10.069282	0.088119	3
-10.069282	0.070649	3
-10.069282	0.133430	3
-10.069282	0.365361	3
-10.069282	0.278214	3
-10.069282	0.050812	3
-10.069282	0.162684	3
-10.057520	0.239623	3
-10.057520	0.239623	3
-10.057520	0.239623	3
-10.057520	0.239623	3
-10.057520	0.343416	3
-10.057520	0.408839	3
-10.048528	0.156203	3
-10.048528	0.123432	3
-10.048528	0.282531	3
-10.048528	0.292382	3
-10.051598	0.339552	3
-10.079080	0.339552	3
-10.134412	0.088531	3
-10.134412	0.173029	3
-10.134412	0.231760	3
-10.134412	0.112851	3
-10.134412	0.340704	3
-10.134412	0.140649	3
-10.109785	0.097461	3
-10.165642	0.334212	3
-10.165642	0.082538	3
-10.165642	0.163385	3
-10.165642	0.461608	3
-10.081833	0.269869	3
-10.081833	0.269869	3
-10.081833	0.269869	3
-10.081833	0.269869	3
-10.081833	0.052657	3
-10.081833	0.346246	3
-10.073285	0.316112	3
-10.073285	0.568275	3
-10.073285	0.844071	3
-10.073285	0.722153	3
-10.073285	0.722153	3
-10.073285	0.916309	3
-10.073285	1.044783	3
-10.088755	0.916364	3
-10.088755	0.912260	3
-10.088755	0.716227	3
-10.088755	0.716227	3
-10.088755	0.467555	3
-10.088755	0.458133	3
-10.072444	0.624626	3
-10.072444	0.627809	3
-10.072444	0.627809	3
-10.084410	0.627809	3
-10.078694	0.537629	3
-10.078694	0.537629	3
-10.078694	0.537629	3
-10.094547	0.556724	3
-10.134397	0.654322	3
-10.111341	0.557517	3
-10.111341	0.366063	3
-10.111341	0.187397	3
-10.111341	0.301164	3
-10.111341	0.332250	3
-10.111341	0.348241	3
-10.111341	0.348241	3
-10.111341	0.131714	3
-10.111341	0.314198	3
-10.111341	0.067071	3
-10.111341	0.078183	3
-10.111341	0.117244	3
-10.102804	0.117244	3
